   1.0000000e+00   0.0000000e+00
   9.6858924e-01   6.4331881e-03
   9.5289355e-01   9.5747526e-03
   9.3720948e-01   1.2666617e-02
   9.2154090e-01   1.5709077e-02
   9.0589169e-01   1.8702468e-02
   8.9026569e-01   2.1647178e-02
   8.7466677e-01   2.4543874e-02
   8.5909877e-01   2.7393453e-02
   8.4356553e-01   3.0196840e-02
   8.2807090e-01   3.2954983e-02
   8.1261869e-01   3.5668851e-02
   7.9721270e-01   3.8339424e-02
   7.8185676e-01   4.0965679e-02
   7.6655464e-01   4.3540588e-02
   7.5131011e-01   4.6056170e-02
   7.3612695e-01   4.8504674e-02
   7.2100889e-01   5.0878589e-02
   7.0595967e-01   5.3170662e-02
   6.9098301e-01   5.5373952e-02
   6.7608258e-01   5.7482695e-02
   6.6126208e-01   5.9492350e-02
   6.4652516e-01   6.1398675e-02
   6.3187545e-01   6.3197691e-02
   6.1731657e-01   6.4885684e-02
   6.0285211e-01   6.6459221e-02
   5.8848564e-01   6.7915457e-02
   5.7422071e-01   6.9255728e-02
   5.6006083e-01   7.0484170e-02
   5.4600950e-01   7.1604965e-02
   5.3207019e-01   7.2622274e-02
   5.1824633e-01   7.3540234e-02
   5.0454133e-01   7.4362952e-02
   4.9095858e-01   7.5094391e-02
   4.7750144e-01   7.5735733e-02
   4.6417321e-01   7.6285369e-02
   4.5097718e-01   7.6741827e-02
   4.3791662e-01   7.7103931e-02
   4.2499475e-01   7.7370792e-02
   4.1221475e-01   7.7541815e-02
   3.9957977e-01   7.7616693e-02
   3.8709295e-01   7.7595126e-02
   3.7475734e-01   7.7475156e-02
   3.6257601e-01   7.7254447e-02
   3.5055195e-01   7.6931165e-02
   3.3868813e-01   7.6503979e-02
   3.2698749e-01   7.5972050e-02
   3.1545289e-01   7.5335029e-02
   3.0408720e-01   7.4593046e-02
   2.9289322e-01   7.3746734e-02
   2.8187370e-01   7.2798524e-02
   2.7103137e-01   7.1752850e-02
   2.6036891e-01   7.0614396e-02
   2.4988893e-01   6.9387968e-02
   2.3959403e-01   6.8078485e-02
   2.2948676e-01   6.6690970e-02
   2.1956959e-01   6.5230539e-02
   2.0984499e-01   6.3702394e-02
   2.0031534e-01   6.2111811e-02
   1.9098301e-01   6.0463831e-02
   1.8185028e-01   5.8760908e-02
   1.7291943e-01   5.7004540e-02
   1.6419264e-01   5.5196797e-02
   1.5567207e-01   5.3340306e-02
   1.4735984e-01   5.1438223e-02
   1.3925797e-01   4.9499441e-02
   1.3136849e-01   4.7547487e-02
   1.2369332e-01   4.5605832e-02
   1.1623437e-01   4.3694925e-02
   1.0899348e-01   4.1832349e-02
   1.0197242e-01   4.0032982e-02
   9.5172948e-02   3.8306867e-02
   8.8596723e-02   3.6614538e-02
   8.2245374e-02   3.4880317e-02
   7.6120467e-02   3.3042901e-02
   7.0223514e-02   3.1061446e-02
   6.4555969e-02   2.8975909e-02
   5.9119231e-02   2.6868374e-02
   5.3914641e-02   2.4806465e-02
   4.8943484e-02   2.2843493e-02
   4.4206985e-02   2.1005772e-02
   3.9706314e-02   1.9267315e-02
   3.5442582e-02   1.7599994e-02
   3.1416839e-02   1.5984386e-02
   2.7630080e-02   1.4408651e-02
   2.4083238e-02   1.2867458e-02
   2.0777189e-02   1.1362394e-02
   1.7712749e-02   9.9024095e-03
   1.4890674e-02   8.4985257e-03
   1.2311659e-02   7.1625832e-03
   9.9763423e-03   5.9068293e-03
   7.8852987e-03   4.7435349e-03
   6.0390445e-03   3.6846432e-03
   4.4380354e-03   2.7414528e-03
   3.0826663e-03   1.9243355e-03
   1.9732716e-03   1.2424895e-03
   1.1101250e-03   7.0372986e-04
   4.9343963e-04   3.1431493e-04
   1.2336752e-04   7.8811943e-05
   0.0000000e+00   0.0000000e+00
   0.0000000e+00  -1.9076030e-03
   1.2336752e-04  -1.9455477e-03
   4.9343963e-04  -2.0594446e-03
   1.1101250e-03  -2.2494711e-03
   1.9732716e-03  -2.5158886e-03
   3.0826663e-03  -2.8589896e-03
   4.4380354e-03  -3.2790257e-03
   6.0390445e-03  -3.7761142e-03
   7.8852987e-03  -4.3501252e-03
   9.9763423e-03  -5.0005490e-03
   1.2311659e-02  -5.7263443e-03
   1.4890674e-02  -6.5257676e-03
   1.7712749e-02  -7.3961849e-03
   2.0777189e-02  -8.3338658e-03
   2.4083238e-02  -9.3337607e-03
   2.7630080e-02  -1.0389263e-02
   3.1416839e-02  -1.1491954e-02
   3.5442582e-02  -1.2631337e-02
   3.9706314e-02  -1.3794556e-02
   4.4206985e-02  -1.4966103e-02
   4.8943484e-02  -1.6127510e-02
   5.3914641e-02  -1.7258157e-02
   5.9119231e-02  -1.8348089e-02
   6.4555969e-02  -1.9397307e-02
   7.0223514e-02  -2.0409005e-02
   7.6120467e-02  -2.1389796e-02
   8.2245374e-02  -2.2343653e-02
   8.8596723e-02  -2.3254644e-02
   9.5172948e-02  -2.4099851e-02
   1.0197242e-01  -2.4853149e-02
   1.0899348e-01  -2.5494729e-02
   1.1623437e-01  -2.6028530e-02
   1.2369332e-01  -2.6465517e-02
   1.3136849e-01  -2.6820538e-02
   1.3925797e-01  -2.7112583e-02
   1.4735984e-01  -2.7365035e-02
   1.5567207e-01  -2.7604389e-02
   1.6419264e-01  -2.7834186e-02
   1.7291943e-01  -2.8034442e-02
   1.8185028e-01  -2.8181651e-02
   1.9098301e-01  -2.8249366e-02
   2.0031534e-01  -2.8208091e-02
   2.0984499e-01  -2.8030151e-02
   2.1956959e-01  -2.7710758e-02
   2.2948676e-01  -2.7253682e-02
   2.3959403e-01  -2.6664092e-02
   2.4988893e-01  -2.5948596e-02
   2.6036891e-01  -2.5115289e-02
   2.7103137e-01  -2.4173791e-02
   2.8187370e-01  -2.3135289e-02
   2.9289322e-01  -2.2012567e-02
   3.0408720e-01  -2.0820026e-02
   3.1545289e-01  -1.9572742e-02
   3.2698749e-01  -1.8285670e-02
   3.3868813e-01  -1.6975047e-02
   3.5055195e-01  -1.5658563e-02
   3.6257601e-01  -1.4355364e-02
   3.7475734e-01  -1.3086064e-02
   3.8709295e-01  -1.1872741e-02
   3.9957977e-01  -1.0738935e-02
   4.1221475e-01  -9.7046588e-03
   4.2499475e-01  -8.7664880e-03
   4.3791662e-01  -7.9128723e-03
   4.5097718e-01  -7.1311816e-03
   4.6417321e-01  -6.4077144e-03
   4.7750144e-01  -5.7277082e-03
   4.9095858e-01  -5.0753527e-03
   5.0454133e-01  -4.4339549e-03
   5.1824633e-01  -3.7956928e-03
   5.3207019e-01  -3.1682836e-03
   5.4600950e-01  -2.5612664e-03
   5.6006083e-01  -1.9846087e-03
   5.7422071e-01  -1.4486925e-03
   5.8848564e-01  -9.6429867e-04
   6.0285211e-01  -5.4256499e-04
   6.1731657e-01  -1.8937642e-04
   6.3187545e-01   1.0203462e-04
   6.4652516e-01   3.4057646e-04
   6.6126208e-01   5.3558529e-04
   6.7608258e-01   6.9680661e-04
   6.9098301e-01   8.3437548e-04
   7.0595967e-01   9.5862897e-04
   7.2100889e-01   1.0736918e-03
   7.3612695e-01   1.1752382e-03
   7.5131011e-01   1.2582624e-03
   7.6655464e-01   1.3176527e-03
   7.8185676e-01   1.3482022e-03
   7.9721270e-01   1.3446204e-03
   8.1261869e-01   1.3027723e-03
   8.2807090e-01   1.2269786e-03
   8.4356553e-01   1.1252676e-03
   8.5909877e-01   1.0058413e-03
   8.7466677e-01   8.7704381e-04
   8.9026569e-01   7.4734128e-04
   9.0589169e-01   6.2518985e-04
   9.2154090e-01   5.1415104e-04
   9.3720948e-01   4.1094903e-04
   9.5289355e-01   3.1177572e-04
   9.6858924e-01   2.1279608e-04
   1.0000000e+00   0.0000000e+00
