   1.0000000e+00   0.0000000e+00
   9.6858924e-01   7.6614762e-03
   9.5289355e-01   1.1238438e-02
   9.3720948e-01   1.4845418e-02
   9.2154090e-01   1.8469337e-02
   9.0589169e-01   2.2097170e-02
   8.9026569e-01   2.5716335e-02
   8.7466677e-01   2.9319832e-02
   8.5909877e-01   3.2904981e-02
   8.4356553e-01   3.6469244e-02
   8.2807090e-01   4.0010123e-02
   8.1261869e-01   4.3525161e-02
   7.9721270e-01   4.7011947e-02
   7.8185676e-01   5.0467142e-02
   7.6655464e-01   5.3884818e-02
   7.5131011e-01   5.7258736e-02
   7.3612695e-01   6.0582816e-02
   7.2100889e-01   6.3851153e-02
   7.0595967e-01   6.7058025e-02
   6.9098301e-01   7.0197786e-02
   6.7608258e-01   7.3262503e-02
   6.6126208e-01   7.6242192e-02
   6.4652516e-01   7.9127175e-02
   6.3187545e-01   8.1908188e-02
   6.1731657e-01   8.4576401e-02
   6.0285211e-01   8.7123434e-02
   5.8848564e-01   8.9542336e-02
   5.7422071e-01   9.1836680e-02
   5.6006083e-01   9.4016052e-02
   5.4600950e-01   9.6089853e-02
   5.3207019e-01   9.8067206e-02
   5.1824633e-01   9.9956939e-02
   5.0454133e-01   1.0176757e-01
   4.9095858e-01   1.0350697e-01
   4.7750144e-01   1.0517609e-01
   4.6417321e-01   1.0677001e-01
   4.5097718e-01   1.0828394e-01
   4.3791662e-01   1.0971352e-01
   4.2499475e-01   1.1105483e-01
   4.1221475e-01   1.1230433e-01
   3.9957977e-01   1.1345893e-01
   3.8709295e-01   1.1451548e-01
   3.7475734e-01   1.1546857e-01
   3.6257601e-01   1.1631249e-01
   3.5055195e-01   1.1704222e-01
   3.3868813e-01   1.1765347e-01
   3.2698749e-01   1.1814267e-01
   3.1545289e-01   1.1850693e-01
   3.0408720e-01   1.1874407e-01
   2.9289322e-01   1.1885256e-01
   2.8187370e-01   1.1883115e-01
   2.7103137e-01   1.1867885e-01
   2.6036891e-01   1.1839535e-01
   2.4988893e-01   1.1798103e-01
   2.3959403e-01   1.1743699e-01
   2.2948676e-01   1.1676493e-01
   2.1956959e-01   1.1596722e-01
   2.0984499e-01   1.1504682e-01
   2.0031534e-01   1.1400727e-01
   1.9098301e-01   1.1285117e-01
   1.8185028e-01   1.1156911e-01
   1.7291943e-01   1.1014771e-01
   1.6419264e-01   1.0857660e-01
   1.5567207e-01   1.0684834e-01
   1.4735984e-01   1.0495829e-01
   1.3925797e-01   1.0291014e-01
   1.3136849e-01   1.0072583e-01
   1.2369332e-01   9.8429186e-02
   1.1623437e-01   9.6042476e-02
   1.0899348e-01   9.3586431e-02
   1.0197242e-01   9.1080320e-02
   9.5172948e-02   8.8540889e-02
   8.8596723e-02   8.5956738e-02
   8.2245374e-02   8.3293652e-02
   7.6120467e-02   8.0525678e-02
   7.0223514e-02   7.7636240e-02
   6.4555969e-02   7.4622899e-02
   5.9119231e-02   7.1493807e-02
   5.3914641e-02   6.8261382e-02
   4.8943484e-02   6.4941627e-02
   4.4206985e-02   6.1554319e-02
   3.9706314e-02   5.8124377e-02
   3.5442582e-02   5.4678489e-02
   3.1416839e-02   5.1243865e-02
   2.7630080e-02   4.7847934e-02
   2.4083238e-02   4.4518044e-02
   2.0777189e-02   4.1230771e-02
   1.7712749e-02   3.7820453e-02
   1.4890674e-02   3.4176714e-02
   1.2311659e-02   3.0275108e-02
   9.9763423e-03   2.6158352e-02
   7.8852987e-03   2.1918986e-02
   6.0390445e-03   1.7683487e-02
   4.4380354e-03   1.3597910e-02
   3.0826663e-03   9.8151028e-03
   1.9732716e-03   6.4835303e-03
   1.1101250e-03   3.7377606e-03
   4.9343963e-04   1.6906306e-03
   1.2336752e-04   4.2712687e-04
   0.0000000e+00   0.0000000e+00
   0.0000000e+00  -1.3661250e-02
   1.2336752e-04  -1.3710888e-02
   4.9343963e-04  -1.3857979e-02
   1.1101250e-03  -1.4097074e-02
   1.9732716e-03  -1.4419176e-02
   3.0826663e-03  -1.4811863e-02
   4.4380354e-03  -1.5259461e-02
   6.0390445e-03  -1.5743266e-02
   7.8852987e-03  -1.6241817e-02
   9.9763423e-03  -1.6731206e-02
   1.2311659e-02  -1.7185446e-02
   1.4890674e-02  -1.7576879e-02
   1.7712749e-02  -1.7876623e-02
   2.0777189e-02  -1.8055066e-02
   2.4083238e-02  -1.8082402e-02
   2.7630080e-02  -1.7929199e-02
   3.1416839e-02  -1.7567010e-02
   3.5442582e-02  -1.6969015e-02
   3.9706314e-02  -1.6110697e-02
   4.4206985e-02  -1.4970548e-02
   4.8943484e-02  -1.3530801e-02
   5.3914641e-02  -1.1781555e-02
   5.9119231e-02  -9.7519365e-03
   6.4555969e-02  -7.5060918e-03
   7.0223514e-02  -5.1315959e-03
   7.6120467e-02  -2.7416034e-03
   8.2245374e-02  -4.4084099e-04
   8.8596723e-02   1.7355940e-03
   9.5172948e-02   3.7629874e-03
   1.0197242e-01   5.6158332e-03
   1.0899348e-01   7.2772971e-03
   1.1623437e-01   8.7484794e-03
   1.2369332e-01   1.0036480e-02
   1.3136849e-01   1.1153321e-02
   1.3925797e-01   1.2116286e-02
   1.4735984e-01   1.2948260e-02
   1.5567207e-01   1.3676588e-02
   1.6419264e-01   1.4319349e-02
   1.7291943e-01   1.4889539e-02
   1.8185028e-01   1.5402964e-02
   1.9098301e-01   1.5878465e-02
   2.0031534e-01   1.6338048e-02
   2.0984499e-01   1.6800200e-02
   2.1956959e-01   1.7262585e-02
   2.2948676e-01   1.7717644e-02
   2.3959403e-01   1.8157001e-02
   2.4988893e-01   1.8571445e-02
   2.6036891e-01   1.8950912e-02
   2.7103137e-01   1.9284464e-02
   2.8187370e-01   1.9560278e-02
   2.9289322e-01   1.9765630e-02
   3.0408720e-01   1.9887107e-02
   3.1545289e-01   1.9919365e-02
   3.2698749e-01   1.9869055e-02
   3.3868813e-01   1.9744652e-02
   3.5055195e-01   1.9555697e-02
   3.6257601e-01   1.9312805e-02
   3.7475734e-01   1.9027674e-02
   3.8709295e-01   1.8713089e-02
   3.9957977e-01   1.8382922e-02
   4.1221475e-01   1.8049772e-02
   4.2499475e-01   1.7717296e-02
   4.3791662e-01   1.7386820e-02
   4.5097718e-01   1.7059740e-02
   4.6417321e-01   1.6737521e-02
   4.7750144e-01   1.6421695e-02
   4.9095858e-01   1.6113860e-02
   5.0454133e-01   1.5815626e-02
   5.1824633e-01   1.5525845e-02
   5.3207019e-01   1.5239097e-02
   5.4600950e-01   1.4949320e-02
   5.6006083e-01   1.4650139e-02
   5.7422071e-01   1.4334876e-02
   5.8848564e-01   1.3996564e-02
   6.0285211e-01   1.3627969e-02
   6.1731657e-01   1.3224824e-02
   6.3187545e-01   1.2789725e-02
   6.4652516e-01   1.2326324e-02
   6.6126208e-01   1.1838453e-02
   6.7608258e-01   1.1330108e-02
   6.9098301e-01   1.0805451e-02
   7.0595967e-01   1.0268748e-02
   7.2100889e-01   9.7227929e-03
   7.3612695e-01   9.1684064e-03
   7.5131011e-01   8.6063034e-03
   7.6655464e-01   8.0372212e-03
   7.8185676e-01   7.4619183e-03
   7.9721270e-01   6.8811729e-03
   8.1261869e-01   6.2957618e-03
   8.2807090e-01   5.7063456e-03
   8.4356553e-01   5.1135423e-03
   8.5909877e-01   4.5179798e-03
   8.7466677e-01   3.9202950e-03
   8.9026569e-01   3.3211325e-03
   9.0589169e-01   2.7211879e-03
   9.2154090e-01   2.1230918e-03
   9.3720948e-01   1.5321313e-03
   9.5289355e-01   9.5381412e-04
   9.6858924e-01   3.9366653e-04
   1.0000000e+00   0.0000000e+00
