   1.0000000e+00   0.0000000e+00
   9.6858924e-01   7.1446701e-03
   9.5289355e-01   1.0350955e-02
   9.3720948e-01   1.3523373e-02
   9.2154090e-01   1.6619791e-02
   9.0589169e-01   1.9598397e-02
   8.9026569e-01   2.2420468e-02
   8.7466677e-01   2.5085117e-02
   8.5909877e-01   2.7619033e-02
   8.4356553e-01   3.0049350e-02
   8.2807090e-01   3.2402936e-02
   8.1261869e-01   3.4706330e-02
   7.9721270e-01   3.6985651e-02
   7.8185676e-01   3.9258009e-02
   7.6655464e-01   4.1519484e-02
   7.5131011e-01   4.3763163e-02
   7.3612695e-01   4.5982290e-02
   7.2100889e-01   4.8170277e-02
   7.0595967e-01   5.0320720e-02
   6.9098301e-01   5.2427279e-02
   6.7608258e-01   5.4481732e-02
   6.6126208e-01   5.6474486e-02
   6.4652516e-01   5.8396264e-02
   6.3187545e-01   6.0238172e-02
   6.1731657e-01   6.1991718e-02
   6.0285211e-01   6.3648822e-02
   5.8848564e-01   6.5202381e-02
   5.7422071e-01   6.6649931e-02
   5.6006083e-01   6.7991243e-02
   5.4600950e-01   6.9226263e-02
   5.3207019e-01   7.0355107e-02
   5.1824633e-01   7.1378058e-02
   5.0454133e-01   7.2295563e-02
   4.9095858e-01   7.3108403e-02
   4.7750144e-01   7.3819602e-02
   4.6417321e-01   7.4433641e-02
   4.5097718e-01   7.4954982e-02
   4.3791662e-01   7.5388029e-02
   4.2499475e-01   7.5737126e-02
   4.1221475e-01   7.6006549e-02
   3.9957977e-01   7.6200505e-02
   3.8709295e-01   7.6322938e-02
   3.7475734e-01   7.6376994e-02
   3.6257601e-01   7.6365627e-02
   3.5055195e-01   7.6291788e-02
   3.3868813e-01   7.6158420e-02
   3.2698749e-01   7.5968455e-02
   3.1545289e-01   7.5724813e-02
   3.0408720e-01   7.5430397e-02
   2.9289322e-01   7.5087859e-02
   2.8187370e-01   7.4696462e-02
   2.7103137e-01   7.4253259e-02
   2.6036891e-01   7.3755800e-02
   2.4988893e-01   7.3202182e-02
   2.3959403e-01   7.2591040e-02
   2.2948676e-01   7.1921530e-02
   2.1956959e-01   7.1193310e-02
   2.0984499e-01   7.0406528e-02
   2.0031534e-01   6.9561801e-02
   1.9098301e-01   6.8661522e-02
   1.8185028e-01   6.7714721e-02
   1.7291943e-01   6.6731748e-02
   1.6419264e-01   6.5722137e-02
   1.5567207e-01   6.4694632e-02
   1.4735984e-01   6.3657057e-02
   1.3925797e-01   6.2602866e-02
   1.3136849e-01   6.1503562e-02
   1.2369332e-01   6.0333358e-02
   1.1623437e-01   5.9071597e-02
   1.0899348e-01   5.7702452e-02
   1.0197242e-01   5.6214627e-02
   9.5172948e-02   5.4601947e-02
   8.8596723e-02   5.2871699e-02
   8.2245374e-02   5.1038550e-02
   7.6120467e-02   4.9117406e-02
   7.0223514e-02   4.7126000e-02
   6.4555969e-02   4.5102425e-02
   5.9119231e-02   4.3088748e-02
   5.3914641e-02   4.1119654e-02
   4.8943484e-02   3.9222930e-02
   4.4206985e-02   3.7393949e-02
   3.9706314e-02   3.5571955e-02
   3.5442582e-02   3.3707521e-02
   3.1416839e-02   3.1770478e-02
   2.7630080e-02   2.9747339e-02
   2.4083238e-02   2.7638646e-02
   2.0777189e-02   2.5434114e-02
   1.7712749e-02   2.3100262e-02
   1.4890674e-02   2.0632604e-02
   1.2311659e-02   1.8055489e-02
   9.9763423e-03   1.5415177e-02
   7.8852987e-03   1.2773424e-02
   6.0390445e-03   1.0201622e-02
   4.4380354e-03   7.7754872e-03
   3.0826663e-03   5.5703446e-03
   1.9732716e-03   3.6569963e-03
   1.1101250e-03   2.0982080e-03
   4.9343963e-04   9.4581615e-04
   1.2336752e-04   2.3846760e-04
   0.0000000e+00   0.0000000e+00
   0.0000000e+00  -5.6105645e-03
   1.2336752e-04  -5.6131032e-03
   4.9343963e-04  -5.6205708e-03
   1.1101250e-03  -5.6325212e-03
   1.9732716e-03  -5.6482085e-03
   3.0826663e-03  -5.6665831e-03
   4.4380354e-03  -5.6862867e-03
   6.0390445e-03  -5.7056456e-03
   7.8852987e-03  -5.7226628e-03
   9.9763423e-03  -5.7350087e-03
   1.2311659e-02  -5.7400099e-03
   1.4890674e-02  -5.7346378e-03
   1.7712749e-02  -5.7154947e-03
   2.0777189e-02  -5.6787998e-03
   2.4083238e-02  -5.6203735e-03
   2.7630080e-02  -5.5356206e-03
   3.1416839e-02  -5.4195125e-03
   3.5442582e-02  -5.2665690e-03
   3.9706314e-02  -5.0708387e-03
   4.4206985e-02  -4.8258785e-03
   4.8943484e-02  -4.5247333e-03
   5.3914641e-02  -4.1608111e-03
   5.9119231e-02  -3.7348157e-03
   6.4555969e-02  -3.2531334e-03
   7.0223514e-02  -2.7252734e-03
   7.6120467e-02  -2.1641725e-03
   8.2245374e-02  -1.5837571e-03
   8.8596723e-02  -9.9459849e-04
   9.5172948e-02  -4.0850563e-04
   1.0197242e-01   1.6056973e-04
   1.0899348e-01   7.0281846e-04
   1.1623437e-01   1.2191339e-03
   1.2369332e-01   1.7125866e-03
   1.3136849e-01   2.1874536e-03
   1.3925797e-01   2.6492994e-03
   1.4735984e-01   3.1050544e-03
   1.5567207e-01   3.5624049e-03
   1.6419264e-01   4.0226036e-03
   1.7291943e-01   4.4821801e-03
   1.8185028e-01   4.9371852e-03
   1.9098301e-01   5.3832424e-03
   2.0031534e-01   5.8155325e-03
   2.0984499e-01   6.2297254e-03
   2.1956959e-01   6.6246321e-03
   2.2948676e-01   6.9999340e-03
   2.3959403e-01   7.3554776e-03
   2.4988893e-01   7.6912804e-03
   2.6036891e-01   8.0075378e-03
   2.7103137e-01   8.3046286e-03
   2.8187370e-01   8.5831203e-03
   2.9289322e-01   8.8437746e-03
   3.0408720e-01   9.0875544e-03
   3.1545289e-01   9.3157675e-03
   3.2698749e-01   9.5301470e-03
   3.3868813e-01   9.7326827e-03
   3.5055195e-01   9.9256090e-03
   3.6257601e-01   1.0111407e-02
   3.7475734e-01   1.0292808e-02
   3.8709295e-01   1.0472789e-02
   3.9957977e-01   1.0654580e-02
   4.1221475e-01   1.0840325e-02
   4.2499475e-01   1.1026391e-02
   4.3791662e-01   1.1207251e-02
   4.5097718e-01   1.1377023e-02
   4.6417321e-01   1.1529474e-02
   4.7750144e-01   1.1658027e-02
   4.9095858e-01   1.1755763e-02
   5.0454133e-01   1.1815493e-02
   5.1824633e-01   1.1833213e-02
   5.3207019e-01   1.1810230e-02
   5.4600950e-01   1.1748477e-02
   5.6006083e-01   1.1650062e-02
   5.7422071e-01   1.1517272e-02
   5.8848564e-01   1.1352561e-02
   6.0285211e-01   1.1158553e-02
   6.1731657e-01   1.0938194e-02
   6.3187545e-01   1.0694954e-02
   6.4652516e-01   1.0432520e-02
   6.6126208e-01   1.0154748e-02
   6.7608258e-01   9.8656531e-03
   6.9098301e-01   9.5693997e-03
   7.0595967e-01   9.2702017e-03
   7.2100889e-01   8.9687112e-03
   7.3612695e-01   8.6607696e-03
   7.5131011e-01   8.3417828e-03
   7.6655464e-01   8.0070479e-03
   7.8185676e-01   7.6517626e-03
   7.9721270e-01   7.2710368e-03
   8.1261869e-01   6.8600206e-03
   8.2807090e-01   6.4146150e-03
   8.4356553e-01   5.9310271e-03
   8.5909877e-01   5.4054421e-03
   8.7466677e-01   4.8340304e-03
   8.9026569e-01   4.2129567e-03
   9.0589169e-01   3.5386050e-03
   9.2154090e-01   2.8169692e-03
   9.3720948e-01   2.0673687e-03
   9.5289355e-01   1.3102570e-03
   9.6858924e-01   5.6621489e-04
   1.0000000e+00   0.0000000e+00
